id1,id2
1647,0
2996,0
2473,1
2541,1
2785,1
2541,2
2617,2
2785,2
2504,3
2619,4
1930,5
2487,5
2531,5
2651,5
2502,6
2501,7
2400,8
2792,10
2877,11
2851,12
2537,13
2703,14
2779,15
2872,15
2907,15
2788,16
2821,16
2609,17
2686,17
2704,17
1924,18
2022,18
2230,18
2506,18
2018,19
2644,19
2790,20
2738,21
1785,22
2017,22
2353,22
2413,22
2663,22
2751,22
2779,22
2827,22
2872,22
2907,22
2875,23
333,24
350,24
622,24
748,24
1904,24
1939,24
1958,24
2130,24
2692,24
2832,24
2878,24
1335,25
1743,25
1751,25
1915,25
2036,25
2272,25
2551,25
2817,25
2972,25
2986,25
2905,26
2819,27
2407,28
2618,29
2410,30
2768,30
1961,31
625,32
1957,32
1966,33
1727,34
1962,34
1197,35
1692,35
1784,35
1963,35
2083,35
2194,35
2456,35
2650,35
2722,35
2725,35
2889,35
2050,36
2074,37
2226,38
1907,39
2196,40
1702,41
1867,41
1987,41
2131,41
1995,42
2222,43
2138,45
2076,46
2007,47
2020,47
2054,47
2134,47
2169,47
2701,47
2878,47
2895,47
2192,48
1197,49
1692,49
1784,49
1963,49
2083,49
2194,49
2456,49
2650,49
2722,49
2725,49
2889,49
1969,50
565,51
1173,51
1229,51
1610,51
1718,51
2255,51
1998,52
2254,53
2277,54
2283,55
2135,56
2197,58
2344,59
2281,60
261,61
2167,61
2215,61
2129,62
2779,62
2872,62
2907,62
2253,63
2343,64
2285,65
2340,66
2720,66
2342,67
2280,68
2315,70
2109,71
2334,72
2309,73
2080,74
1899,75
2397,77
1569,78
1567,79
2358,80
2370,81
2676,81
1648,82
1715,83
2211,83
1689,84
1601,85
1798,86
2371,88
1747,90
1807,90
1817,91
2414,91
2858,91
1806,92
1658,93
1786,93
1657,94
1864,95
1771,96
1859,97
1777,98
1659,99
1862,100
1834,101
1858,102
1837,103
1814,104
1832,105
15,106
214,106
283,106
1833,106
1856,107
2207,107
1511,109
1827,110
1557,111
1800,111
2148,111
2223,111
2416,111
1508,112
1802,113
2881,113
1748,114
1750,115
1324,116
1783,116
1937,116
859,118
1335,118
1743,118
1751,118
1915,118
2036,118
2272,118
2551,118
2817,118
2972,118
2986,118
1766,120
1717,121
1653,122
1173,123
1229,123
1610,123
1718,123
2255,123
1710,124
1928,124
1682,125
181,127
195,127
278,127
550,127
639,127
664,127
1716,127
1720,128
1687,129
1688,130
1685,131
1769,132
1778,133
1780,134
1602,135
1719,136
1656,137
1597,138
1660,139
1683,140
1076,141
1595,141
2390,143
1537,144
1546,145
1544,147
1600,148
2353,148
1573,149
1568,150
2685,150
1512,151
2369,152
1571,153
1570,154
1603,155
2393,157
235,158
621,158
977,158
1647,158
1692,158
2066,158
2399,158
2450,158
2498,158
2582,158
2739,158
2388,159
1576,160
2368,161
2396,162
1111,163
1386,163
1538,163
1633,164
2394,165
2372,166
1015,167
1065,168
375,169
1142,169
1144,170
1146,172
1143,173
1355,174
1352,175
2355,175
1051,176
1346,178
1345,179
1756,179
123,180
1413,180
1204,181
1314,182
1317,183
967,184
1291,184
1353,184
1370,184
1321,185
1396,185
1326,187
1313,188
1348,189
1147,190
1416,191
1423,193
1489,193
686,194
1436,194
219,195
268,195
374,195
582,195
599,195
1208,195
1361,195
1441,195
1429,196
1435,197
1482,197
1422,198
1431,199
1437,200
1443,201
1887,201
1414,202
1430,203
1432,204
1438,205
643,206
1467,206
1427,207
726,208
1439,208
1312,209
1325,210
1316,211
219,213
268,213
374,213
599,213
910,213
1208,213
1361,213
1441,213
1424,214
1399,215
1323,216
1402,217
1324,218
1783,218
1307,219
612,220
1328,220
1409,221
623,222
1075,222
1400,222
1664,222
1394,223
1412,224
389,225
1263,225
1322,225
1463,225
1401,226
1406,227
2611,228
1407,229
1408,231
1405,232
1257,233
1249,234
1250,235
1262,236
389,237
1263,237
1463,237
1247,238
1259,239
461,241
969,241
1176,242
1269,242
1377,242
1517,242
1289,243
1256,244
1291,245
1353,245
1370,245
1364,246
1375,247
1380,248
1378,249
68,250
217,250
589,250
1354,250
1457,250
1593,250
1889,250
2022,250
2093,250
2100,250
2414,250
2528,250
2701,250
2963,250
1368,251
1379,252
1369,253
1374,254
399,255
426,255
480,255
1311,255
1366,255
1999,255
2161,255
2821,255
1365,256
1205,257
552,258
1202,258
1784,258
1209,259
64,260
510,260
750,260
915,260
1395,260
1483,260
68,261
217,261
957,261
970,261
2359,261
219,262
268,262
374,262
599,262
1208,262
1361,262
1441,262
1356,263
1291,264
1353,264
1370,264
1376,266
1293,268
1288,269
1287,271
1292,272
1149,273
1383,273
1279,274
1299,275
1281,276
1575,276
2036,276
2667,276
1270,277
1373,279
1296,280
1295,281
1282,282
1297,283
1357,284
1294,285
1119,286
1100,287
974,288
1118,289
1108,290
1116,291
1113,292
1121,294
932,295
1114,295
1120,296
1177,297
1181,298
1172,299
1179,300
1221,301
1164,302
1176,303
1232,304
1235,305
1159,306
1117,307
1178,308
1239,309
1053,310
376,311
401,311
699,311
1035,311
1151,311
1150,312
1233,313
1002,314
1237,315
689,316
1241,316
1008,317
999,318
1003,319
1005,320
1228,321
1746,322
996,323
1852,324
1007,325
1874,326
1006,327
1557,328
1800,328
2148,328
2223,328
2416,328
1876,329
1879,330
1886,331
1443,332
1887,332
1857,333
1090,334
1081,335
1526,335
1694,335
1855,335
976,336
1024,337
1045,337
1684,337
1888,337
2461,337
2706,337
1091,338
1086,339
1034,341
1500,342
1031,343
1128,343
1189,343
1852,343
699,344
1035,344
1151,344
68,345
217,345
589,345
1354,345
1457,345
1593,345
1889,345
2022,345
2093,345
2100,345
2414,345
2528,345
2701,345
2775,345
2963,345
973,346
1016,347
1055,348
1037,350
1131,350
1050,351
1056,352
1063,353
1058,354
1851,355
1062,356
670,357
706,359
2901,359
723,360
790,366
592,367
602,368
702,375
43,376
931,380
61,384
64,386
510,386
750,386
915,386
1182,386
1395,386
1483,386
62,387
50,392
15,394
66,394
224,394
2448,396
53,418
25,421
69,427
1024,429
1045,429
1684,429
1888,429
40,433
67,433
48,447
70,459
162,459
184,459
74,469
71,472
76,473
36,474
63,477
907,482
927,483
930,491
616,495
727,495
751,495
908,495
1400,500
1664,500
851,504
16,511
922,511
216,517
928,518
921,523
914,524
44,527
75,527
105,527
133,527
421,527
505,527
1764,527
1898,527
2127,527
200,530
679,530
923,530
917,533
580,536
1111,539
1386,539
1538,539
1335,541
931,548
64,549
510,549
750,549
915,549
1395,549
1483,549
933,552
912,553
924,554
926,555
925,567
2081,567
2722,567
911,568
905,569
355,571
920,571
2595,571
571,573
2986,574
93,577
119,577
953,577
86,579
219,580
268,580
374,580
599,580
1208,580
1361,580
1441,580
77,593
90,598
81,606
100,608
1485,609
2176,609
98,613
89,616
119,621
953,621
2306,621
780,623
806,625
849,625
838,632
885,632
1292,634
47,637
895,637
942,637
814,640
910,640
1361,640
878,641
450,647
1024,647
1026,647
1045,647
1335,647
1390,647
1684,647
2005,647
2715,647
935,648
1547,648
936,654
949,658
1274,658
68,660
217,660
957,660
970,660
2165,660
2359,660
28,665
950,665
200,666
679,666
923,666
948,670
181,672
195,672
278,672
550,672
639,672
664,672
1716,672
552,677
956,684
932,685
1114,685
940,686
232,689
1573,690
91,691
101,694
103,695
1961,699
804,705
450,710
1024,710
1026,710
1045,710
1335,710
1390,710
1684,710
2005,710
2715,710
114,713
131,713
418,713
527,713
97,723
73,725
110,726
92,728
102,733
890,734
1536,741
879,744
384,745
755,745
1069,745
1136,745
1198,745
2102,745
893,746
88,747
47,752
895,752
942,752
899,753
896,756
551,757
880,758
887,759
897,764
889,768
891,771
884,775
873,777
883,777
892,778
900,780
888,783
898,786
577,787
929,790
455,791
859,791
947,797
941,798
938,799
945,804
958,805
955,807
946,812
934,813
951,820
939,824
129,825
137,825
959,825
943,826
949,828
894,829
954,830
918,831
952,832
570,836
1727,837
79,842
60,845
433,845
901,845
902,849
906,850
886,851
903,852
119,853
844,853
953,853
904,856
572,859
574,860
37,870
99,873
27,875
1197,877
1692,877
1784,877
1963,877
2083,877
2194,877
2456,877
2650,877
2722,877
2725,877
2889,877
33,878
46,882
17,891
32,895
40,896
67,896
29,902
35,903
144,903
176,903
42,912
39,914
38,924
159,924
1267,933
41,937
44,946
75,946
105,946
133,946
421,946
505,946
1764,946
2127,946
83,947
579,950
802,951
800,952
94,954
1026,954
784,955
792,957
697,958
795,958
811,959
805,961
801,962
384,964
755,964
1069,964
1136,964
1198,964
2102,964
809,966
634,969
819,970
806,971
849,971
798,972
816,973
808,974
804,975
810,976
64,977
510,977
750,977
915,977
1395,977
1483,977
794,978
767,982
791,982
399,983
426,983
480,983
643,983
1366,983
2161,983
2821,983
814,984
910,984
797,985
1197,985
813,988
815,991
818,992
854,994
862,995
812,997
1324,1001
1783,1001
869,1002
864,1004
119,1006
953,1006
1547,1006
1786,1006
1987,1006
877,1010
866,1012
872,1013
861,1015
867,1018
850,1020
154,1023
875,1023
455,1024
859,1024
1751,1024
2036,1024
870,1025
858,1026
1029,1028
1169,1028
868,1029
865,1034
857,1035
871,1037
873,1039
883,1039
863,1041
860,1048
851,1052
874,1056
876,1060
846,1063
1137,1069
821,1071
826,1074
838,1076
885,1076
676,1079
843,1079
824,1080
817,1082
1445,1083
109,1084
834,1084
1218,1084
1197,1086
1692,1086
1784,1086
1963,1086
2083,1086
2194,1086
2456,1086
2650,1086
2722,1086
2725,1086
2889,1086
831,1089
827,1090
612,1096
1328,1096
835,1097
521,1099
996,1101
830,1103
848,1104
2905,1104
576,1107
845,1108
246,1111
842,1111
840,1114
847,1115
839,1116
820,1117
836,1122
833,1124
844,1125
953,1125
1197,1126
1692,1126
1784,1126
1963,1126
2083,1126
2194,1126
2456,1126
2650,1126
2722,1126
2725,1126
2889,1126
741,1130
1226,1130
1335,1130
828,1131
1370,1133
616,1136
727,1136
751,1136
908,1136
752,1140
2278,1142
749,1143
354,1144
742,1144
735,1146
760,1146
753,1147
732,1148
747,1151
737,1152
740,1153
756,1156
739,1159
736,1163
64,1164
510,1164
750,1164
915,1164
1395,1164
1483,1164
123,1165
1413,1165
1802,1165
2881,1165
765,1167
759,1170
757,1171
764,1173
769,1175
2198,1175
773,1176
768,1179
782,1180
766,1181
785,1186
781,1187
783,1188
774,1190
778,1191
810,1191
771,1192
779,1193
776,1194
1330,1195
1400,1196
1664,1196
232,1197
786,1198
788,1200
767,1201
791,1201
789,1205
761,1206
770,1207
780,1208
787,1209
775,1210
607,1213
682,1215
683,1216
1130,1218
767,1219
791,1219
200,1220
679,1220
923,1220
684,1221
703,1222
701,1223
758,1223
696,1224
686,1225
1436,1225
691,1226
376,1227
401,1227
699,1227
1035,1227
1151,1227
705,1228
734,1228
1470,1228
694,1229
677,1230
674,1231
698,1232
611,1233
681,1234
606,1235
600,1236
219,1237
268,1237
374,1237
599,1237
1208,1237
1361,1237
1441,1237
616,1238
727,1238
751,1238
908,1238
700,1239
604,1240
615,1241
610,1242
583,1243
605,1244
594,1245
601,1246
596,1247
424,1248
597,1249
1033,1249
613,1250
162,1251
612,1251
1328,1251
608,1253
710,1255
680,1257
692,1258
695,1259
1418,1259
693,1260
705,1262
734,1262
1470,1262
704,1263
722,1264
1130,1265
731,1266
746,1266
720,1268
715,1269
1460,1269
268,1270
582,1270
1361,1270
1441,1270
719,1271
729,1274
1269,1275
1377,1275
1517,1275
584,1276
735,1277
760,1277
712,1278
717,1279
777,1279
713,1281
730,1282
1485,1282
1468,1284
1171,1285
1456,1285
718,1287
1264,1288
1410,1288
1471,1288
715,1289
1460,1289
127,1290
1444,1290
389,1291
1263,1291
1463,1291
1452,1292
1469,1293
1495,1295
1491,1296
705,1297
734,1297
1470,1297
730,1298
1485,1298
2176,1298
1464,1299
1493,1301
2384,1301
1448,1302
1481,1303
1494,1304
1423,1305
1489,1305
1490,1308
1473,1309
64,1310
510,1310
750,1310
915,1310
1395,1310
1483,1310
1496,1311
1479,1312
109,1313
333,1313
350,1313
622,1313
748,1313
1904,1313
1939,1313
1958,1313
2130,1313
2692,1313
2832,1313
2878,1313
644,1314
1492,1315
634,1317
641,1318
446,1320
617,1320
620,1321
627,1322
1498,1323
618,1324
630,1325
640,1327
619,1328
626,1329
1517,1329
1475,1331
2653,1331
2744,1331
633,1332
623,1335
1400,1335
235,1336
621,1336
977,1336
1647,1336
1692,1336
2066,1336
2399,1336
2450,1336
2498,1336
2582,1336
2739,1336
638,1337
124,1339
678,1339
636,1340
631,1343
632,1344
642,1345
654,1347
480,1349
514,1349
643,1349
1445,1349
1467,1349
665,1350
659,1352
652,1353
64,1354
510,1354
750,1354
915,1354
1395,1354
1483,1354
667,1356
2104,1356
673,1357
672,1358
663,1359
669,1360
2515,1361
181,1362
195,1362
278,1362
535,1362
550,1362
639,1362
664,1362
1716,1362
668,1363
660,1364
661,1365
657,1367
653,1368
2965,1368
676,1369
843,1369
666,1371
157,1374
554,1374
185,1376
309,1377
390,1379
336,1382
181,1392
195,1392
278,1392
550,1392
639,1392
664,1392
1716,1392
518,1418
532,1419
543,1423
346,1425
1037,1430
1131,1430
2276,1434
2753,1447
517,1450
538,1453
528,1467
534,1478
520,1484
130,1486
516,1486
525,1487
7,1488
420,1488
539,1488
536,1492
530,1493
519,1494
533,1495
522,1497
537,1498
410,1502
218,1503
238,1506
233,1509
1264,1511
1410,1511
1471,1511
223,1515
248,1517
1171,1519
1456,1519
2899,1532
450,1540
1024,1540
1026,1540
1045,1540
1269,1540
1335,1540
1377,1540
1390,1540
1684,1540
2005,1540
2715,1540
330,1541
194,1551
232,1558
124,1562
678,1562
641,1564
230,1580
2036,1580
2643,1580
235,1581
621,1581
977,1581
1647,1581
1692,1581
2066,1581
2399,1581
2450,1581
2485,1581
2498,1581
2582,1581
2739,1581
163,1585
245,1585
241,1586
252,1591
399,1604
426,1604
455,1604
480,1604
1366,1604
2161,1604
2821,1604
64,1605
510,1605
750,1605
915,1605
1395,1605
1483,1605
67,1617
246,1622
842,1622
243,1624
124,1627
678,1627
1721,1638
399,1641
426,1641
480,1641
514,1641
643,1641
1366,1641
1445,1641
2161,1641
2821,1641
410,1647
469,1647
64,1672
510,1672
750,1672
915,1672
1395,1672
1483,1672
1551,1673
2004,1673
2981,1673
502,1674
511,1684
485,1686
488,1695
514,1695
212,1696
227,1696
1727,1709
475,1716
473,1717
406,1721
467,1721
481,1723
472,1724
478,1725
1,1726
490,1728
470,1729
476,1730
477,1731
479,1733
468,1734
569,1737
709,1740
825,1746
398,1754
439,1754
1130,1763
1434,1768
413,1769
410,1770
469,1770
541,1783
1024,1783
1045,1783
1684,1783
1888,1783
2650,1783
2810,1783
335,1784
395,1784
497,1784
492,1801
501,1810
376,1812
401,1812
508,1812
424,1820
491,1823
493,1824
489,1829
454,1831
402,1838
2140,1838
304,1849
416,1853
346,1855
423,1855
383,1861
420,1861
539,1861
415,1867
419,1868
406,1869
467,1869
114,1875
131,1875
418,1875
527,1875
399,1876
426,1876
480,1876
1366,1876
2161,1876
2821,1876
413,1879
412,1880
414,1881
671,1884
833,1885
499,1886
507,1887
509,1891
396,1892
332,1909
352,1909
275,1910
355,1918
920,1918
1173,1918
1229,1918
1610,1918
1718,1918
2030,1918
2255,1918
2595,1918
2371,1923
1037,1924
1131,1924
2140,1928
8,1931
338,1932
265,1933
330,1933
181,1934
303,1934
326,1934
363,1934
1718,1937
2255,1937
255,1940
67,1941
641,1942
695,1947
1418,1947
321,1949
1510,1951
1556,1951
1583,1951
1629,1951
329,1963
339,1971
334,1974
323,1975
1136,1979
434,1980
1743,1980
273,1983
335,1988
395,1988
497,1988
437,1993
2148,1999
44,2011
75,2011
105,2011
133,2011
421,2011
505,2011
1764,2011
440,2015
181,2017
195,2017
278,2017
550,2017
639,2017
664,2017
1716,2017
398,2018
439,2018
2056,2022
438,2023
451,2031
452,2046
450,2049
1024,2049
1026,2049
1045,2049
1335,2049
1390,2049
1684,2049
2005,2049
2715,2049
895,2065
9,2069
453,2069
447,2072
345,2075
181,2078
195,2078
278,2078
550,2078
639,2078
664,2078
1716,2078
444,2080
442,2081
393,2082
459,2082
445,2083
435,2084
447,2099
2123,2099
438,2208
363,2220
568,2220
639,2220
558,2225
639,2244
664,2244
1294,2244
549,2249
541,2250
2650,2250
7,2254
539,2254
546,2263
387,2265
560,2265
2,2268
157,2269
554,2269
564,2271
565,2273
2255,2273
553,2275
544,2276
377,2277
561,2277
569,2279
387,2291
560,2291
1245,2301
1571,2301
1756,2301
1702,2310
596,2317
399,2318
426,2318
480,2318
1366,2318
2161,2318
2821,2318
44,2320
75,2320
105,2320
133,2320
421,2320
505,2320
1764,2320
272,2322
265,2324
330,2324
181,2329
195,2329
278,2329
550,2329
639,2329
664,2329
1716,2329
160,2333
719,2338
262,2345
263,2357
541,2378
2650,2378
378,2387
409,2390
219,2398
268,2398
374,2398
599,2398
1208,2398
1361,2398
1441,2398
379,2403
369,2406
392,2410
377,2412
561,2412
380,2414
371,2416
382,2419
386,2420
260,2422
335,2423
395,2423
497,2423
219,2426
268,2426
374,2426
582,2426
599,2426
1208,2426
1361,2426
1441,2426
251,2427
266,2433
254,2435
264,2436
270,2443
12,2448
52,2448
267,2448
2056,2455
276,2466
280,2470
298,2495
1024,2497
1045,2497
1684,2497
1888,2497
181,2504
303,2504
326,2504
363,2504
1111,2505
1386,2505
1538,2505
2140,2505
297,2511
389,2521
1263,2521
1322,2521
1463,2521
299,2522
482,2522
2702,2523
259,2524
9,2525
453,2525
296,2529
311,2536
300,2548
314,2552
294,2554
293,2565
295,2569
304,2571
301,2574
286,2575
129,2580
137,2580
959,2580
302,2587
399,2596
426,2596
480,2596
728,2596
1366,2596
2161,2596
2821,2596
127,2600
1444,2600
68,2602
217,2602
589,2602
1354,2602
1457,2602
1593,2602
1889,2602
2022,2602
2093,2602
2100,2602
2414,2602
2528,2602
2081,2607
125,2610
132,2614
189,2614
247,2614
222,2616
44,2624
75,2624
105,2624
133,2624
421,2624
505,2624
1764,2624
108,2628
935,2632
1547,2632
134,2633
158,2633
44,2635
75,2635
105,2635
133,2635
421,2635
505,2635
1764,2635
114,2637
131,2637
418,2637
527,2637
65,2641
121,2646
72,2658
123,2660
1413,2660
1549,2660
164,2670
181,2674
195,2674
278,2674
303,2674
326,2674
363,2674
550,2674
639,2674
664,2674
1716,2674
178,2681
44,2685
75,2685
105,2685
133,2685
210,2685
421,2685
505,2685
1764,2685
2127,2685
186,2686
179,2696
122,2699
130,2700
516,2700
26,2717
165,2717
175,2717
183,2726
139,2729
679,2729
923,2729
169,2731
167,2738
180,2745
177,2747
235,2753
621,2753
977,2753
1647,2753
1692,2753
2066,2753
2399,2753
2450,2753
2498,2753
2582,2753
2739,2753
172,2755
1037,2758
1131,2758
1366,2762
1475,2762
1999,2762
2138,2762
2653,2762
2744,2762
182,2764
161,2765
191,2769
149,2771
196,2771
513,2771
917,2772
187,2773
362,2777
2560,2781
2779,2782
2872,2782
2907,2782
383,2790
420,2790
539,2790
333,2803
350,2803
622,2803
748,2803
1904,2803
1939,2803
1958,2803
2130,2803
2201,2803
2692,2803
2832,2803
2878,2803
68,2805
217,2805
589,2805
1354,2805
1457,2805
1593,2805
1889,2805
2022,2805
2093,2805
2100,2805
2414,2805
2528,2805
340,2807
356,2810
2502,2810
349,2813
346,2816
423,2816
1346,2823
361,2828
13,2851
353,2852
359,2853
5,2854
344,2855
684,2856
1037,2857
1131,2857
351,2858
67,2861
541,2861
2650,2861
2086,2864
181,2869
303,2869
326,2869
363,2869
568,2869
639,2869
341,2872
15,2873
214,2873
283,2873
1833,2873
1737,2880
641,2881
68,2883
217,2883
589,2883
1354,2883
1457,2883
1593,2883
1889,2883
2022,2883
2093,2883
2100,2883
2414,2883
2528,2883
2701,2883
2963,2883
209,2887
212,2889
227,2889
128,2890
219,2891
268,2891
374,2891
599,2891
1208,2891
1361,2891
1441,2891
190,2893
192,2895
216,2901
1979,2902
2889,2902
399,2904
426,2904
480,2904
1366,2904
1498,2904
2161,2904
2821,2904
44,2919
75,2919
105,2919
133,2919
421,2919
446,2919
505,2919
617,2919
1764,2919
1621,2921
2148,2921
202,2922
68,2923
217,2923
589,2923
957,2923
970,2923
1354,2923
1457,2923
1593,2923
1889,2923
2022,2923
2093,2923
2100,2923
2359,2923
2414,2923
2528,2923
215,2928
198,2930
199,2936
193,2939
2230,2940
211,2943
11,2946
1240,2946
1488,2946
133,2948
210,2948
206,2949
10,2952
181,2954
195,2954
278,2954
550,2954
639,2954
664,2954
1716,2954
234,2959
15,2961
214,2961
283,2961
1833,2961
142,2978
506,2979
548,2979
1889,2980
12,2998
267,2998
152,2999
149,3002
196,3002
513,3002
136,3008
68,3020
217,3020
589,3020
1354,3020
1457,3020
1593,3020
1889,3020
2022,3020
2093,3020
2100,3020
2414,3020
2528,3020
134,3022
158,3022
68,3024
217,3024
589,3024
1354,3024
1457,3024
1593,3024
1889,3024
2022,3024
2093,3024
2100,3024
2414,3024
2528,3024
145,3029
2911,3031
2912,3031
146,3035
138,3038
159,3042
141,3047
804,3049
153,3053
163,3056
245,3056
155,3061
160,3063
70,3068
162,3068
184,3068
833,3069
